10,8
10,274
10,220
10,202
10,284
10,226
10,28
10,2
10,3
11,12
11,24
11,5
11,27
9,7
9,6
9,4
9,2
9,3
8,5
8,14
8,7
8,4
8,1
8,8
8,3
30,4
30,3
30,2
30,1
30,0
29,5
29,4
29,3
29,2
29,1
29,0
28,5
28,4
28,3
28,1
26,3
26,1
20,3
20,2
20,1
19,3
19,2
19,1
12,3
12,2
12,1
11,29
11,28
11,25
11,23
11,21
11,20
11,18
11,17
11,16
11,15
11,14
11,11
11,9
11,8
11,7
11,6
11,4
11,3
11,2
11,1
10,314
10,278
10,268
10,266
10,252
10,248
10,245
10,233
10,215
10,194
10,182
18,1
10,174
10,163
18,3
14,1
10,161
10,148
14,3
13,1
10,144
10,124
13,3
10,116
